/JOB
//NAME GAUSSIANMOVING2
//POS
///NPOS 0,0,0,31,0,0
///TOOL 0
///POSTYPE ROBOT
///RECTAN
///RCONF 0,0,0,0,0,0,0,0,0,0,0,0,0,0,0,0,0,0,0,0,0,0,0,0
P00000=10.000,0.000,0.000,0.0000,0.0000,0.0000
///POSTYPE BASE
P00001=0272.88136176,-0000.07636176,0483.09500000,0000.00000000,0000.00400000,0180.00000000,
P00002=0272.94954000,-0000.14454000,0483.09500000,0000.00000000,0000.00400000,0180.00000000,
P00003=0273.06867661,-0000.26367661,0483.09500000,0000.00000000,0000.00400000,0180.00000000,
P00004=0273.26872266,-0000.46372266,0483.09500000,0000.00000000,0000.00400000,0180.00000000,
P00005=0273.59149776,-0000.78649776,0483.09500000,0000.00000000,0000.00400000,0180.00000000,
P00006=0274.09194181,-0001.28694181,0483.09500000,0000.00000000,0000.00400000,0180.00000000,
P00007=0274.83752578,-0002.03252578,0483.09500000,0000.00000000,0000.00400000,0180.00000000,
P00008=0275.90491606,-0003.09991606,0483.09500000,0000.00000000,0000.00400000,0180.00000000,
P00009=0277.37328651,-0004.56828651,0483.09500000,0000.00000000,0000.00400000,0180.00000000,
P00010=0279.31432353,-0006.50932353,0483.09500000,0000.00000000,0000.00400000,0180.00000000,
P00011=0281.77989647,-0008.97489647,0483.09500000,0000.00000000,0000.00400000,0180.00000000,
P00012=0284.78935112,-0011.98435112,0483.09500000,0000.00000000,0000.00400000,0180.00000000,
P00013=0288.31909915,-0015.51409915,0483.09500000,0000.00000000,0000.00400000,0180.00000000,
P00014=0292.29728985,-0019.49228985,0483.09500000,0000.00000000,0000.00400000,0180.00000000,
P00015=0296.60566501,-0023.80066501,0483.09500000,0000.00000000,0000.00400000,0180.00000000,
P00016=0301.08927125,-0028.28427125,0483.09500000,0000.00000000,0000.00400000,0180.00000000,
P00017=0305.57287749,-0032.76787749,0483.09500000,0000.00000000,0000.00400000,0180.00000000,
P00018=0309.88125264,-0037.07625264,0483.09500000,0000.00000000,0000.00400000,0180.00000000,
P00019=0313.85944335,-0041.05444335,0483.09500000,0000.00000000,0000.00400000,0180.00000000,
P00020=0317.38919138,-0044.58419138,0483.09500000,0000.00000000,0000.00400000,0180.00000000,
P00021=0320.39864602,-0047.59364602,0483.09500000,0000.00000000,0000.00400000,0180.00000000,
P00022=0322.86421897,-0050.05921897,0483.09500000,0000.00000000,0000.00400000,0180.00000000,
P00023=0324.80525599,-0052.00025599,0483.09500000,0000.00000000,0000.00400000,0180.00000000,
P00024=0326.27362643,-0053.46862643,0483.09500000,0000.00000000,0000.00400000,0180.00000000,
P00025=0327.34101671,-0054.53601671,0483.09500000,0000.00000000,0000.00400000,0180.00000000,
P00026=0328.08660069,-0055.28160069,0483.09500000,0000.00000000,0000.00400000,0180.00000000,
P00027=0328.58704473,-0055.78204473,0483.09500000,0000.00000000,0000.00400000,0180.00000000,
P00028=0328.90981984,-0056.10481984,0483.09500000,0000.00000000,0000.00400000,0180.00000000,
P00029=0329.10986588,-0056.30486588,0483.09500000,0000.00000000,0000.00400000,0180.00000000,
P00030=0329.22900250,-0056.42400250,0483.09500000,0000.00000000,0000.00400000,0180.00000000,
//INST
///DATE 2017/03/31 08:11
///ATTR SC,RW
///GROUP1 RB1
NOP
MOVL P00001 V=0006.0261615
MOVL P00002 V=0010.5302885
MOVL P00003 V=0017.6817395
MOVL P00004 V=0028.5295579
MOVL P00005 V=0044.2334222
MOVL P00006 V=0065.9009358
MOVL P00007 V=0094.3448629
MOVL P00008 V=0129.7868377
MOVL P00009 V=0171.5650549
MOVL P00010 V=0217.9279185
MOVL P00011 V=0266.0007233
MOVL P00012 V=0311.9885958
MOVL P00013 V=0351.6257032
MOVL P00014 V=0380.8101609
MOVL P00015 V=0396.2985472
MOVL P00016 V=0396.2985472
MOVL P00017 V=0380.8101609
MOVL P00018 V=0351.6257032
MOVL P00019 V=0311.9885958
MOVL P00020 V=0266.0007233
MOVL P00021 V=0217.9279185
MOVL P00022 V=0171.5650549
MOVL P00023 V=0129.7868377
MOVL P00024 V=0094.3448629
MOVL P00025 V=0065.9009358
MOVL P00026 V=0044.2334222
MOVL P00027 V=0028.5295579
MOVL P00028 V=0017.6817395
MOVL P00029 V=0010.5302885
MOVL P00030 V=0010.5302885
END
